3.776000 0 2.752000 5.541617
3.840000 0 2.752000 5.550567
4.096000 0 2.752000 5.550329
4.320000 0 2.752000 5.548106
4.480000 0 2.752000 5.520490
4.704000 0 2.752000 5.523586
4.864000 0 2.752000 5.526032
4.960000 0 2.752000 5.526383
5.120000 0 2.752000 5.527710
5.216000 0 2.752000 5.524992
5.344000 0 2.752000 5.510732
5.504000 0 2.752000 5.525099
5.525333 1 3.488000 6.384509
5.632000 1 3.488000 6.397402
5.760000 1 3.488000 6.380667
5.888000 1 3.488000 6.375811
6.016000 1 3.488000 6.356683
6.144000 1 3.488000 6.394111
6.304000 1 3.488000 6.372877
6.378667 2 3.712000 6.508768
6.517334 3 4.192000 7.124448
6.624000 3 4.192000 7.236546
6.816000 3 4.192000 7.268194
7.274667 4 4.416000 7.542696
7.328000 4 4.416000 7.470678
7.477334 5 4.704000 7.859745
7.584000 5 4.704000 7.878200
7.744000 5 4.704000 7.878230
7.882667 6 4.992000 8.248395
7.968000 6 4.992000 8.207561
8.213333 7 5.216000 8.425993
8.352000 7 5.216000 8.409773
8.416000 8 5.504000 8.778875
8.544000 8 5.504000 8.819713
8.704000 8 5.504000 8.806045
8.810667 9 5.792000 9.140756
8.928000 9 5.792000 9.134300
9.141334 10 6.016000 9.373185
9.312000 10 6.016000 9.391633
9.397333 11 6.336000 9.776903
9.504000 11 6.336000 9.760205
9.696000 11 6.336000 9.782784
9.792000 12 6.624001 10.108264
9.888000 12 6.624001 10.118106
10.112000 12 6.624001 10.143156
10.144000 13 6.784000 10.326459
10.304000 13 6.784000 10.357352
10.368000 14 7.104001 10.764928
10.432000 14 7.104001 10.742148
10.560000 14 7.104001 10.730765
10.741333 15 7.616000 11.255548
10.816000 15 7.616000 11.242933
11.253333 16 8.128000 12.033391
11.328000 16 8.128000 12.020230
11.520000 16 8.128000 12.002733
11.776000 16 8.128000 12.020982
12.000000 16 8.128000 12.031143
12.032000 17 8.384001 12.300218
12.192000 17 8.384001 12.364664
12.373333 18 8.800000 12.885478
12.448000 18 8.800000 12.834203
12.576000 18 8.800000 12.859690
12.704000 18 8.800000 12.857387
12.832000 18 8.800000 12.864436
12.874666 19 9.216001 13.376671
12.928000 19 9.216001 13.342837
13.120000 19 9.216001 13.306739
13.248000 19 9.216001 13.296826
13.301333 20 9.600000 13.814603
13.440000 20 9.600000 13.867373
13.568000 20 9.600000 13.845355
13.728000 20 9.600000 13.839699
13.824000 20 9.600000 13.834142
13.834666 21 10.016001 14.336367
13.952000 21 10.016001 14.359089
14.112000 21 10.016001 14.335113
14.336000 22 10.624001 14.993115
14.336000 22 10.624001 15.045703
14.528000 22 10.624001 15.001478
15.008000 23 10.816001 15.266856
15.136000 23 10.816001 15.273787
15.274667 24 11.104000 15.696684
15.392000 24 11.104000 15.720499
15.584000 24 11.104000 15.675238
15.680000 25 11.392000 16.020758
15.808000 25 11.392000 16.025866
16.032000 26 11.616000 16.236172
16.191999 26 11.616000 16.242579
16.245333 27 11.904000 16.663261
16.351999 27 11.904000 16.677633
16.544001 27 11.904000 16.650177
16.650667 28 12.192000 17.016132
16.768000 28 12.192000 17.039474
17.045334 29 12.416000 17.262232
17.184000 29 12.416000 17.246090
17.247999 30 13.184001 18.210108
17.375999 30 13.184001 18.212656
17.535999 30 13.184001 18.200621
17.760000 30 13.184001 18.220644
18.016001 30 13.184001 18.216455
18.176001 30 13.184001 18.263746
18.271999 31 13.504001 18.640963
18.336000 31 13.504001 18.615620
18.464001 31 13.504001 18.623219
18.624001 32 13.824000 18.810972
18.719999 32 13.824000 18.811764
18.816000 33 14.848001 19.818632
19.818666 34 15.168001 20.235418
19.903999 34 15.168001 20.153198
20.000000 34 15.168001 20.125284
20.128000 35 15.424001 20.248146
20.256001 36 16.512001 20.962591
20.288000 36 16.512001 21.023962
20.927999 36 16.512001 21.023962
21.024000 37 16.832001 21.392614
21.312000 37 16.832001 21.569660
21.440001 37 16.832001 21.594995
21.568001 37 16.832001 21.573299
21.578667 38 17.216002 22.059855
21.695999 38 17.216002 22.088867
21.856001 38 17.216002 22.085430
21.983999 38 17.216002 22.106020
22.048000 38 17.216002 22.097946
22.101334 39 17.504002 22.461157
22.176001 39 17.504002 22.443054
22.453333 40 17.792002 22.637661
22.464001 40 17.792002 22.635689
22.528000 40 17.792002 22.626877
22.634666 41 18.816000 23.685598
23.327999 41 18.816000 23.685598
23.690666 42 19.136002 24.095121
23.968000 42 19.136002 24.265766
24.224001 42 19.136002 24.229029
24.234667 43 19.360001 24.437946
24.320000 43 19.360001 24.433123
24.437334 44 20.384001 25.575777
25.578667 45 20.704000 25.962557
25.664000 45 20.704000 25.918392
25.792000 45 20.704000 25.856205
25.866667 46 20.928001 26.056276
26.016001 46 20.928001 26.122400
26.122667 47 21.984001 27.265461
26.976000 47 21.984001 27.265461
27.274666 48 22.336000 27.688826
27.455999 48 22.336000 27.793852
27.712000 48 22.336000 27.759705
27.765333 49 22.560001 27.967260
27.840000 49 22.560001 27.952162
27.957333 50 23.584002 29.080063
28.799999 50 23.584002 29.080063
29.087999 51 23.904001 29.505325
29.087999 51 23.904001 29.407482
29.247999 51 23.904001 29.287193
29.301332 52 24.128000 29.496325
29.504000 53 25.184002 inf
29.504000 53 25.184002 inf
30.431999 53 25.184002 inf
30.944000 53 25.184002 30.784000
30.954666 54 25.984001 31.641588
31.648001 55 26.784000 32.741501
32.746666 56 27.616001 33.519562
33.525333 57 28.032001 34.002270
33.695999 57 28.032001 33.846767
33.728001 57 28.032001 33.838783
33.824001 57 28.032001 33.826027
33.834667 58 28.480001 34.443100
33.919998 58 28.480001 34.440926
34.112000 58 28.480001 34.439819
34.208000 58 28.480001 34.428692
34.271999 58 28.480001 34.394882
34.400002 59 30.336002 35.306301
34.431999 59 30.336002 35.231197
35.231998 60 31.616001 inf
35.680000 60 31.616001 inf
41.439999 60 31.616001 41.987934
41.824001 60 31.616001 42.028862
42.037334 61 32.032001 42.541630
42.175999 61 32.032001 42.589939
42.431999 61 32.032001 42.604000
42.613335 62 32.448002 43.171478
42.709332 62 32.448002 43.159527
42.911999 62 32.448002 43.125717
43.136002 63 32.832001 43.616856
43.231998 63 32.832001 43.594349
43.594666 64 33.280003 44.058750
43.743999 64 33.280003 44.117512
44.127998 65 33.632000 44.569290
44.256001 65 33.632000 44.616829
44.618668 66 34.048000 45.096455
44.799999 66 34.048000 45.195435
45.205334 67 34.432003 45.714634
45.279999 67 34.432003 45.701527
45.706665 68 34.848003 46.223671
45.792000 68 34.848003 46.217300
46.218666 69 35.232002 46.753220
46.304001 69 35.232002 46.742455
46.751999 70 35.712002 47.288475
46.816002 70 35.712002 47.262436
47.264000 71 36.192001 47.853672
47.360001 71 36.192001 47.892651
47.712002 71 36.192001 47.928436
47.936001 72 36.736000 48.427406
48.063999 72 36.736000 48.399837
48.405334 73 37.632000 49.867149
48.896000 73 37.632000 49.867149
49.877335 74 38.016003 50.478191
50.112000 74 38.016003 50.647163
50.655998 75 38.592003 51.528072
50.720001 75 38.592003 51.539650
51.541332 76 38.816002 51.821472
51.584000 76 38.816002 51.765854
51.776001 77 39.232002 52.272812
51.807999 77 39.232002 52.211079
52.213333 78 39.648003 52.716942
52.287998 78 39.648003 52.732117
52.736000 79 40.064003 53.252571
52.799999 79 40.064003 53.219685
53.226665 80 40.448002 53.806908
53.375999 80 40.448002 53.914661
53.919998 81 40.896004 54.586494
53.919998 81 40.896004 54.480801
54.271999 81 40.896004 54.478008
54.485332 82 41.472000 55.043270
54.624001 82 41.472000 55.027431
55.029335 83 43.648003 inf
55.616001 83 43.648003 inf
57.792000 83 43.648003 57.664001
57.802666 84 44.448002 58.759621
58.400002 84 44.448002 58.782810
58.784000 85 45.216003 59.681953
58.880001 85 45.216003 59.683254
59.360001 85 45.216003 59.726505
59.733334 86 46.080002 60.674198
59.807999 86 46.080002 60.656116
60.287998 86 46.080002 60.666069
60.672001 87 46.880001 61.646690
60.768002 87 46.880001 61.612232
61.216000 87 46.880001 61.623215
61.632000 88 48.288002 62.673592
61.695999 88 48.288002 62.642181
62.015999 88 48.288002 62.708279
62.431999 88 48.288002 62.701069
62.709332 89 49.600002 64.760353
63.007999 89 49.600002 64.760353
64.767998 90 50.016003 65.279709
65.024002 90 50.016003 65.429916
65.440002 91 50.432003 65.941139
65.503998 91 50.432003 65.914024
65.919998 92 50.816002 66.388878
66.015999 92 50.816002 66.396118
66.400002 93 51.232002 66.863930
66.496002 93 51.232002 66.868553
66.869331 94 51.648003 67.351738
66.944000 94 51.648003 67.327469
67.199997 94 51.648003 67.361328
67.370667 95 52.064003 67.813133
67.487999 95 52.064003 67.848061
67.850670 96 52.576004 68.358177
67.968002 96 52.576004 68.386116
68.223999 96 52.576004 68.363014
68.373337 97 53.984001 69.344315
68.480003 97 53.984001 69.286194
69.290665 98 56.416004 inf
72.384003 98 56.416004 72.255997
72.394669 99 56.800003 72.822556
72.832001 100 57.248001 73.324112
72.959999 100 57.248001 73.364601
73.365334 101 57.632004 73.781532
73.407997 101 57.632004 73.695267
73.695999 102 58.048004 74.180504
73.888000 102 58.048004 74.283577
74.293335 103 58.432003 74.812416
74.367996 103 58.432003 74.799698
74.805336 104 58.848003 75.272118
74.816002 104 58.848003 75.182663
75.189331 105 59.616001 76.112213
75.295998 105 59.616001 76.177437
75.744003 105 59.616001 76.106201
76.106667 106 60.096004 76.575935
76.255997 106 60.096004 76.638023
76.575996 106 60.096004 76.716782
76.725334 107 60.512001 77.221870
76.863998 107 60.512001 77.243469
77.248001 108 61.664001 78.782684
78.176003 108 61.664001 78.782684
78.783997 109 62.016003 79.323029
79.040001 109 62.016003 79.469711
79.477333 110 62.624004 80.306511
79.552002 110 62.624004 80.288567
80.298668 111 62.848003 80.602234
80.480003 111 62.848003 80.704994
80.714668 112 63.200005 81.206451
80.767998 112 63.200005 81.168633
81.173332 113 63.616001 81.677284
81.216003 113 63.616001 81.620178
81.472000 113 63.616001 81.567207
81.568001 114 64.032005 82.143501
81.664001 114 64.032005 82.144409
81.792000 114 64.032005 82.183731
81.919998 114 64.032005 82.210190
82.112000 114 64.032005 82.198189
82.208000 115 64.416000 82.733482
82.272003 115 64.416000 82.708466
82.528000 115 64.416000 82.659935
82.666664 116 65.184006 83.705544
82.816002 116 65.184006 83.657425
83.658669 117 67.200005 86.317169
86.325333 118 67.648003 87.102531
86.463997 118 67.648003 87.158730
87.040001 118 67.648003 86.922012
87.050667 119 68.256004 87.644226
87.648003 120 68.448006 87.955933
87.807999 120 68.448006 87.994904
88.000000 121 68.832001 88.433922
88.096001 121 68.832001 88.439850
88.447998 122 69.216003 88.932983
88.575996 122 69.216003 88.942635
88.832001 122 69.216003 88.943474
88.949333 123 69.632004 89.537712
89.024002 123 69.632004 89.520065
89.152000 123 69.632004 89.515205
89.248001 123 69.632004 89.508446
89.472000 123 69.632004 89.509933
89.514664 124 70.176003 90.138824
89.536003 124 70.176003 90.023537
89.823997 124 70.176003 89.923004
89.930664 125 70.816002 91.574821
90.143997 125 70.816002 91.613770
91.615997 126 72.416000 95.444359
94.688004 126 72.416000 94.530861
94.698669 127 73.376007 95.991989
96.000000 128 74.400002 97.397804
97.152000 128 74.400002 97.024834
97.162666 129 74.752007 97.490494
97.493332 130 75.072006 97.739258
97.568001 130 75.072006 97.684784
97.685333 131 75.648003 98.191536
97.919998 131 75.648003 98.282509
98.282669 132 76.832001 99.679123
99.680000 133 77.184006 99.972984
99.978668 134 77.728004 100.502029
100.512001 135 78.080002 100.843712
100.736000 135 78.080002 100.923157
100.928001 136 78.656006 101.845757
101.024002 136 78.656006 101.813774
101.695999 136 78.656006 101.575462
101.706665 137 79.328003 102.101486
102.112000 138 81.664001 104.180656
102.655998 138 81.664001 104.180656
104.181335 139 82.816002 105.595619
104.863998 139 82.816002 106.291283
106.293335 140 84.000008 107.602791
107.519997 140 84.000008 107.392838
107.530670 141 84.320007 107.891373
107.893333 142 84.544006 108.160484
107.935997 142 84.544006 108.071587
108.074669 143 85.216003 108.532333
108.288002 143 85.216003 108.599556
108.608002 144 86.432007 110.027023
110.026665 145 87.648003 111.685799
111.690666 146 88.800003 114.561058
112.160004 146 88.800003 111.865051
112.170670 147 89.088005 111.891708
112.181335 148 89.728004 111.907875
112.192001 149 89.984001 112.136131
112.202667 150 91.200005 112.840401
112.351997 150 91.200005 113.015808
113.024002 151 92.608002 113.907959
113.568001 151 92.608002 114.448212
114.453331 152 94.816002 inf
117.375999 152 94.816002 117.024002
117.386665 153 96.032005 118.335854
118.335999 154 97.216003 119.552406
119.562668 155 97.472008 119.968559
119.744003 155 97.472008 120.001411
120.010666 156 97.728004 120.344772
120.127998 156 97.728004 120.343292
120.351997 157 98.432007 121.079529
120.512001 157 98.432007 121.089630
121.098663 158 98.720001 121.382317
121.386665 159 99.296005 122.122452
121.984001 159 99.296005 121.826836
121.994667 160 99.648003 122.184624
122.186668 161 100.768005 123.312050
122.239998 161 100.768005 123.211487
123.221336 162 102.080002 124.331497
123.295998 162 102.080002 124.273300
124.277336 163 103.200005 125.379944
124.991997 163 103.200005 125.379944
125.386665 164 104.416008 126.469276
126.474670 165 105.600006 127.528442
127.530670 166 105.920006 127.895264
127.903999 167 106.240005 128.170029
128.063995 167 106.240005 128.622345
128.384003 167 106.240005 128.549164
128.554672 168 106.784004 129.406998
128.735992 168 106.784004 129.439270
129.440002 169 107.104004 129.784256
129.600006 169 107.104004 129.446274
129.610672 170 107.744003 130.141113
130.143997 171 108.064003 130.510071
130.143997 171 108.064003 130.340530
130.346664 172 109.216003 131.610001
130.432007 172 109.216003 131.558731
131.520004 172 109.216003 131.362595
131.530670 173 111.584007 inf
135.199997 173 111.584007 135.007996
135.210663 174 112.096008 135.378693
135.381332 175 112.800003 135.836365
135.423996 175 112.800003 135.903641
135.488007 175 112.800003 135.856995
135.861328 176 113.120003 136.252441
136.031998 176 113.120003 136.331696
136.287994 176 113.120003 136.313828
136.320007 177 113.600006 136.784164
136.447998 177 113.600006 136.822052
136.832001 178 113.952003 137.221329
136.895996 178 113.952003 137.197861
137.151993 178 113.952003 137.238617
137.248001 179 114.144005 137.425095
137.376007 179 114.144005 137.434448
137.440002 180 114.400009 137.731720
137.535995 180 114.400009 137.737549
137.632004 180 114.400009 137.737061
137.738663 181 114.720009 138.054596
137.824005 181 114.720009 138.045044
138.048004 182 115.200005 138.433121
138.048004 182 115.200005 138.438110
138.175995 182 115.200005 138.471558
138.474670 183 115.520004 138.945312
138.688004 183 115.520004 139.007538
138.944000 183 115.520004 138.976898
138.986664 184 115.968002 139.429977
139.136002 184 115.968002 139.499100
139.509338 185 116.320007 139.854553
139.584000 185 116.320007 139.842239
139.839996 185 116.320007 139.847092
139.850662 186 116.768005 140.384979
139.968002 186 116.768005 140.412430
140.416000 187 117.120003 140.758591
140.479996 187 117.120003 140.726974
140.735992 188 117.344002 140.933273
140.735992 188 117.344002 141.010666
140.895996 188 117.344002 141.014099
141.024002 189 117.600006 141.363022
141.119995 189 117.600006 141.373657
141.248001 189 117.600006 141.371841
141.376007 190 117.920006 141.749588
141.472000 190 117.920006 141.719772
141.664001 190 117.920006 141.705368
141.706665 191 118.400009 142.239136
141.792007 191 118.400009 142.228867
142.229340 192 118.752007 142.612000
142.304001 192 118.752007 142.588837
142.559998 192 118.752007 142.581741
142.591995 193 118.944008 142.801071
142.688004 193 118.944008 142.810745
142.815994 194 120.000008 144.022278
143.231995 194 120.000008 144.022278
144.031998 195 120.352005 144.408386
144.192001 195 120.352005 144.454422
144.416000 195 120.352005 144.444595
144.447998 196 120.544006 144.672882
144.511993 196 120.544006 144.645462
144.650665 197 121.632004 145.881531
145.056000 197 121.632004 145.881531
145.888000 198 121.952003 146.244751
146.048004 198 121.952003 146.287460
146.272003 198 121.952003 146.265625
146.282669 199 122.144005 146.491302
146.367996 199 122.144005 146.497421
146.506668 200 123.232002 147.741745
146.880005 200 123.232002 147.741745
147.744003 201 123.552010 148.110565
147.904007 201 123.552010 148.148605
148.095993 201 123.552010 148.119186
148.128006 202 123.744003 148.343796
148.223999 202 123.744003 148.352280
148.362671 203 125.632004 150.492599
148.768005 203 125.632004 150.492599
149.727997 203 125.632004 149.603821
149.738663 204 125.952003 149.890259
149.898666 205 126.144005 150.053299
149.919998 205 126.144005 150.080826
150.048004 205 126.144005 150.118057
150.122665 206 128.032013 151.747833
150.623993 206 128.032013 151.747833
151.754669 207 128.352005 152.091049
152.095993 208 128.608002 152.269577
152.277328 209 130.400009 153.957367
152.576004 209 130.400009 155.174194
152.832001 209 130.400009 155.206589
152.927994 209 130.400009 155.134933
153.472000 209 130.400009 155.134933
155.136002 210 130.751999 155.516754
155.391998 210 130.751999 155.657700
155.615997 210 130.751999 155.607208
155.626663 211 130.944000 155.832962
155.712006 211 130.944000 155.841629
155.850662 212 132.800003 157.998596
156.287994 212 132.800003 157.998596
158.005341 213 133.152008 158.426346
158.080002 213 133.152008 158.375473
158.304001 213 133.152008 158.352280
158.357330 214 133.344009 158.581161
158.432007 214 133.344009 158.565079
158.570663 215 135.167999 160.715988
159.039993 215 135.167999 160.715988
160.725327 216 135.552002 161.151917
160.863998 216 135.552002 161.173843
161.056000 216 135.552002 161.104935
161.109329 217 135.744003 161.320343
161.184006 217 135.744003 161.303635
161.311996 218 137.632004 163.325531
161.759995 218 137.632004 163.325531
163.328003 219 137.984009 163.819748
163.679993 219 137.984009 164.102036
163.936005 219 137.984009 164.045609
